1.0	0.2441224643360007	-0.44157774896304125	-1.2339638668522834
1.0	0.7914594361384042	-0.7903881005116609	1.218927932160025
1.0	-2.7793436396154747	-0.3516591429088991	-2.1251073455351985
1.0	0.39327967574959377	0.9809235649883314	0.6469646975484538
1.0	0.9717295780581656	-1.0371503671580249	-0.10926821138817866
1.0	0.7961804803820982	0.2628670335690768	0.8239913222076918
1.0	0.15928173711710425	-0.08470813719842107	0.5174537355344633
1.0	1.4886752442593902	-0.6384861812082847	-0.019570287794266505
1.0	0.20958334446326266	-0.3610689861546341	0.18839538294207908
1.0	0.13470569625650963	-1.5628766933149383	-0.8138365578280131
1.0	1.008525837202333	0.39877297659574884	-0.4031111870509023
1.0	-1.02845424608197	-0.20573210247251894	-1.6016985576867522
1.0	-0.4276904781902564	-0.5476970564160601	-1.2990158241787544
1.0	-1.1574775829993982	0.15396235720047757	-1.1397103013813896
1.0	0.19736600889211253	-0.189706844145493	0.45608268696688586
1.0	-0.16778117873844778	-0.4072984377480242	0.4003386638714305
1.0	1.4936234411144511	-0.3335536471886744	0.47569694765981146
1.0	-0.7118828781264295	-0.10937642842029738	-0.32479517464859453
1.0	1.2696878200591728	0.6417994983153172	2.0156707041312565
1.0	2.46998964888654	0.1281612173955753	1.426044870790425
1.0	-0.46261922166919245	-0.39383319894182867	-0.6968580408632752
1.0	0.8953599922907243	0.02397160891512007	-1.1212761451605417
1.0	0.023166017079512713	0.5342393014187952	0.2772217715359703
1.0	0.17218068571619938	0.29922224417524124	0.9588567159855801
1.0	0.41070024737787403	-0.040546354101477666	0.5769672038154936
1.0	-0.031082816943143854	-0.5701979555848866	-1.277802952663436
1.0	1.8115159280706647	1.205212240567199	1.7854027621649944
1.0	-0.15308926877515372	0.2285808115541368	1.1898720855501308
1.0	-0.5368308874282981	0.08415247195714448	0.012465512155650504
1.0	2.292433994597528	9.20570435605228e-5	-0.25176640479619183
1.0	1.4500673336194208	-0.3865479676022079	-0.6418914244195083
1.0	1.180333054650422	-1.0215162159550768	-1.822932202386402
1.0	0.3112522509530322	0.2970395552636691	1.0350456653005917
1.0	-1.735945772224408	0.8435734780649402	-0.4251752424041587
1.0	-0.7372282522377036	1.1624372427382563	1.009036353624908
1.0	-2.2596661389469785	0.09620675588041072	-1.3058215116291785
1.0	-0.40666029951061056	-0.7373543608330193	-1.6766121807547365
1.0	0.7279686690593161	0.42653078611837847	2.4742052719864542
1.0	0.3700874461076227	-0.02594988274338217	-0.6875959848794284
1.0	-0.31948799263028693	-0.5553014564706464	-1.3771831330609188
1.0	-0.9153212094167369	-0.5746140786194855	-2.422766406797569
1.0	2.074224246894139	-0.2369357757024193	0.4937307056651434
1.0	-0.25023453640644	0.9714353351616709	2.057690432631907
1.0	1.4533488274755708	-0.2705472493853247	-0.510972826133473
1.0	0.650303832307487	1.0742009078900536	2.1332541478487252
1.0	0.09584453904794987	-0.49544602521933756	-0.23990702856973395
1.0	0.8211408450373652	0.37063271209298243	0.9175024640099354
1.0	-1.5154656825879984	-0.06447816921480642	-0.20536480607358404
1.0	-0.6292576124914762	-0.023449352093465103	1.1787896264816138
1.0	0.48922930399808795	-0.6952566064583066	0.5579634001871194
1.0	0.6939732109280454	1.0799829892084092	2.0527818625197534
1.0	1.0686666700988683	-0.3099432477567141	0.07791534165683867
1.0	0.33245451605878795	-0.43464225949353286	0.3964861089460902
1.0	1.1793319511772404	1.1288560541046437	1.0518109687919215
1.0	1.9376475504829367	-0.5219631672311382	-0.21562121963177502
1.0	1.323015977854518	0.3780002152855171	0.762897753777753
1.0	-1.9958359603963576	0.4146868788900768	0.2132289641108659
1.0	0.3027542934062941	-0.11672461883416685	-0.539607139472504
1.0	-0.004145319520294066	-0.13428329988329035	-0.13017202095587146
1.0	-1.9579978671975047	-0.4841747140572199	-0.6641423124189839
1.0	1.0418100799103636	0.15685583685981053	0.3689749265531194
1.0	-0.26136178265311916	-0.10308259083575799	-0.8334201772460412
1.0	-1.0436580228091534	-0.5754000922959968	-0.903713182145194
1.0	0.10857255983640801	0.6402147888405545	0.486453233648034
1.0	-1.2565966760282619	-0.02145126843580658	-0.6772205331759596
1.0	-0.23501292799968887	-1.3951410924052778	-1.6475082834711199
1.0	-1.1858708927739752	-0.28091041990877486	-0.16461658581275007
1.0	-0.6323791876642719	-0.4176494536823383	-0.7721673744041435
1.0	0.21160825769694647	-0.36615636293130427	-0.6170129668532973
1.0	0.7765389302203589	-1.2547663965748461	-1.4650135902449972
1.0	1.6160973425878113	0.7538595435795004	1.6516014142101962
1.0	-1.5270395365890455	-0.2735799852442209	-1.1691266751375085
1.0	-1.1691245666767722	0.7443472821103199	0.1497706218734874
1.0	-0.15144946975502638	-0.6994465267467238	-1.1375415165343485
1.0	0.6261262849882794	0.35758780030570936	1.1403747529745039
1.0	2.140025332190315	0.07647659836353826	1.5643236203149735
1.0	-0.7758476718796672	-0.49884783058760407	-1.6936150279476991
1.0	-1.5985542429849993	-0.5498233224219131	-0.26483171919347315
1.0	-1.7994738516629605	-0.6126527284376562	-2.0511748001967085
1.0	-1.9697796126020117	0.2606553551827995	-0.682749704458061
1.0	0.5049899151004276	-0.16557759660571802	0.12085668963343366
1.0	-1.3225482958742019	0.5087324609428623	-0.4366454706553996
1.0	2.1353698281792886	-0.9603458227347204	-0.8041644619461297
1.0	-2.1292540006093104	1.3459931692942622	1.4984508483119536
1.0	-1.002992083614287	1.0006136640055048	1.3541423031921256
1.0	-0.47460207986933334	0.13175394348965153	0.5573427247429794
1.0	0.7403274145161873	0.3934643757581022	-1.0579635612630298
1.0	0.02694231192693497	-0.9432715149769821	-0.5337449617397745
1.0	0.24389009752517854	-0.757613385654929	-0.21692939730714655
1.0	-0.6855071011786782	-0.2955078284008421	-1.2005370445024863
1.0	1.328052743955431	-0.40435917811152455	0.15308855932862103
1.0	0.022797096027152186	0.6215510957732504	0.8716911559614946
1.0	-0.42251101445809613	-0.16592462756224524	-1.4110913719666338
1.0	-1.0287272901791242	-0.1301494093333626	-0.2172846210281299
1.0	-0.07341133753386675	-0.19017806800680037	-0.40397856771563057
1.0	-1.109942117569564	-1.1162742201669444	-2.326045370564778
1.0	-0.7219320488827137	-1.0841603726672153	-0.7164550185774483
1.0	-1.128660042271254	1.408248891381255	2.1398585311482723
1.0	-0.9946835937530745	-0.36057171458974824	-1.67277962545529
1.0	-0.5980753317776797	0.14792204517343865	-0.44629760183846573
1.0	0.741017338756671	1.438243874736727	0.9191777385260951
1.0	-0.45048774499927635	-0.6037189781862757	-1.421369116728508
1.0	-0.4339038621904905	-0.387761769607851	-1.879759229591996
1.0	0.18893484706103614	-0.6006067100895651	-0.7355213203833832
1.0	0.6737687839856434	0.2780383825064079	1.2273353645486007
1.0	0.21858369901370267	-1.0117313698293164	-1.6431838857199819
1.0	-0.24378963194886616	0.025426784407120095	0.7137426409295355
1.0	1.4266586779666426	-1.1152145947266825	-0.030564094177404355
1.0	0.9297434905724442	0.4390935014324264	1.0178349886466234
1.0	-0.29614229254544444	-0.3488596185457169	0.08617204227827713
1.0	-0.5681973012921526	0.09703295639349285	1.1203666007118143
1.0	-3.0500386488287154	-0.7603843971246955	-1.2939588225860907
1.0	-1.9417173442381825	-0.05930111856952114	-0.9542567933064667
1.0	-0.3385260279121445	0.4190328693696763	-0.19828348482179647
1.0	1.3159403785844903	0.13705909024599805	1.0802464577955007
1.0	-0.5504567343770246	-1.1611947678238406	-1.9451802828095168
1.0	0.3427691480350141	-0.6800217313521024	-1.0811885785121638
1.0	2.35436679921692	-0.6069828654749319	-0.08568645844423979
1.0	1.4191845997758241	0.5659523041417818	1.7414855903254112
1.0	1.9273747479169137	-0.35560310653880567	0.9222451125245978
1.0	0.44377070671837604	-0.9093414294599615	-0.9832325413443874
1.0	1.218000601653194	0.25158383328787925	0.5668208522857601
1.0	-1.4276939543931837	1.2248597827169387	1.81119729968042
1.0	-0.10005947967869222	0.5880372704454491	0.546480684226174
1.0	1.585078126765426	0.957435710675345	1.3433929637982778
1.0	-2.465331638462543	0.5431551623318596	-0.3453650931238784
1.0	0.43097556217615374	0.27817559188462715	1.0455435686448493
1.0	-0.8061317848450544	0.26294863221315445	0.09035777404186607
1.0	-0.31198643300345097	0.2938983831125048	1.6330143485689756
1.0	-0.4579344657961393	-0.6733406015872196	-1.4532412007412525
1.0	-0.455287935547779	0.4557169147530682	0.07435545464396359
1.0	0.9677031759597439	0.06826282624952507	-0.39334121225694973
1.0	-0.7511181676905734	-0.2589257673265193	0.25678961699764224
1.0	0.43598080372859727	0.5315993048742067	1.4197184404583556
1.0	-1.102508731419328	1.2603161560044973	1.220334598930897
1.0	-0.8447500487592636	-1.1320364341466327	-1.4490087046636604
1.0	0.8017938797307709	0.1381838554394359	0.3453217982725371
1.0	2.026840751285424	-0.22737087401230327	0.8240811625098636
1.0	-1.2951003549918845	-0.13755986233554518	-0.9175607850099743
1.0	-1.1173487995472593	-0.04413668450254282	0.3077929702042262
1.0	-0.1326070242188493	-0.05759447243456872	0.4580823334400716
1.0	-2.1045639282857422	0.8297561597411423	1.118609890647031
1.0	-0.06051910280783179	-0.17128928707757707	-0.5762183629802342
1.0	-0.08202532517924066	0.5012155086183916	0.6650178436132275
1.0	3.187340344108832	0.8773085537771168	1.128081516647354
1.0	-1.0457219660810582	0.37978033694011826	1.0650936547217744
1.0	-0.29283583130432955	-0.021486906060903088	-0.7257452207545088
1.0	-1.2963304799502007	-0.39516867430544433	-1.0694862783370793
1.0	1.3135924548985471	-0.48030499005934524	-0.13527333021421173
1.0	-1.0998344870742125	-0.4294517332973655	-2.3377401175993704
1.0	1.5414573766638533	-0.24764915192268333	0.8717434108653888
1.0	-0.45841597451528227	0.10908607209226506	-0.32932310630129524
1.0	0.5729278757539937	-0.2639232926625632	0.48688774423456666
1.0	-1.4359691284483356	0.04853840933583098	-0.5235207296662228
1.0	-1.1585077874897465	-0.5003974057250196	-1.4798803514145722
1.0	0.13914245373379153	0.14420295025759522	-0.4868564542629972
1.0	0.748428523754403	-1.633319299274508	-2.091025856141345
1.0	-2.2708746614484783	0.039297296372649226	-0.8320464072489975
1.0	0.6742003974461914	-0.8816588237135339	-1.0864113104187583
1.0	0.6359688758057542	0.06881927588915637	-0.7260625420516196
1.0	1.7010192861900348	-0.45021167073174007	-0.7140792515265568
1.0	-1.2169646298883734	-0.2741779096850865	-0.03972089890609265
1.0	-0.35487492735812154	-0.19642248882296376	-0.4460255915503683
1.0	1.380624292788128	0.5852021603729969	1.6567970321124204
1.0	0.4725530325937122	-0.17429429576660183	0.2917099966014386
1.0	-0.2500657248920506	0.2866726225317393	-0.21326077517543834
1.0	-1.6646173496928602	0.017112544392229312	-1.1531239244064915
1.0	-1.6772801491760578	-0.6084353570002141	-1.6103508996986506
1.0	3.0473697092156558	0.395489016773126	1.5414383554296918
1.0	0.9862260583148039	-0.16134954429797999	-0.023105385449718102
1.0	0.27404908376091086	0.3902881710899617	-0.4288142042579154
1.0	-0.19770398022533886	-0.6931936902374765	-0.7693484160837847
1.0	0.12852005151418933	-0.7867330094519143	-0.41453268484269923
1.0	1.0992498651060973	0.9005027630013416	0.2746315873315939
1.0	-0.9381285559355099	0.14979468073859437	-0.6437764732269715
1.0	-0.2502698778549588	-0.6925135247877732	-1.048457993651289
1.0	1.0627824585987655	0.6627552660035199	1.8477270936294397
1.0	-1.0135935891503358	0.697667759598056	0.44379905880277776
1.0	0.6794640183528351	-0.7711557788302863	-1.3374315213897203
1.0	-1.7740823906311594	-0.500780304924225	-1.4205485182350244
1.0	-0.7867651787605014	-0.014947056871214892	-0.2514445443863054
1.0	0.02439507100895888	-0.13301462877320747	0.09236013270498938
1.0	1.6356660179067317	1.172928469432342	3.2682577584520356
1.0	-1.3384585497973562	-0.020727073907018667	0.5460291013079639
1.0	-0.4516005481259784	0.06252680632354513	-0.13376458261033514
1.0	-0.05954135638795144	-0.8157273306275044	0.2845465732459409
1.0	-0.9529999943447329	-1.444154312276267	-2.6985935602411355
1.0	2.1855012344398412	-0.03221156220671051	1.9941935265855837
1.0	-0.6959479217084308	0.6142659387776068	-0.7915500888353277
1.0	1.1294829144207545	0.10192516825042075	0.7159678464394132
1.0	-0.7492152105849854	-0.46334494890371203	-0.32222135766245263
1.0	-1.0221584459939583	-0.20387137933917	-0.9693227214793345
1.0	0.4064796309729761	-0.275961557790382	0.3644166565274118
1.0	-0.7149952147147971	0.48395822631685137	-0.3377559362947907
1.0	-0.5046632411843861	-0.10403595734094306	0.029436693366122146
1.0	-0.338869799149359	0.21560331102670593	-0.7180105764897935
1.0	1.6080478483124727	-0.9139512030959893	0.012859266768319944
1.0	0.5229744791864652	0.5132763030533947	0.7039695557492394
1.0	1.072185308790206	0.4796836640951816	1.3642170381264427
1.0	0.4475646757763556	0.9906513103931385	0.8912344969909662
1.0	1.1061115433788045	0.1867675309257053	0.5141936661568476
1.0	-0.8541763597009897	0.6118990758416194	0.5743939626042969
1.0	-1.1909761578823792	-0.6502770021087638	-0.9763421429212222
1.0	0.4142373975035243	-0.20023203347614893	0.7283018868483992
1.0	-0.604551597201521	-0.3162697976837303	-1.7945216422809254
1.0	2.120863633340167	-0.19767295750303737	-0.923854636261173
1.0	-0.5355328118328835	0.10746561268945376	-0.7204679259079803
1.0	0.15138545744968557	-0.48123468383490353	-2.16273901494404
1.0	0.4209201929800317	1.3514088588903426	0.5932806406254039
1.0	-1.441470523026906	-0.14062545812503102	-0.13789187448747664
1.0	-1.1213393179634465	-0.4160421501380571	-1.9350462184275325
1.0	-0.3694053281699139	-0.12049690183991024	0.15459202770052266
1.0	0.4696458994452444	-0.06067297494316204	0.07152228950407208
1.0	1.2775721059564118	0.553081430418938	1.180582242313794
1.0	-0.7138985407197902	-0.3909537035162536	-1.293325788299183
1.0	-0.8608492217582597	-0.600677767383307	-0.5769796567889258
1.0	0.21478703974209612	0.36386162387238175	1.4805023340063914
1.0	0.25593200954600537	0.31461757355945696	0.027393655869311084
1.0	-0.46737809724057566	0.2784268175602178	0.5942406103819251
1.0	0.9315933989705192	1.0246011384212044	1.7648381894250946
1.0	0.2690097995128955	-0.9228519360790597	-1.915288626837783
1.0	0.16218417516865458	0.647294786435265	0.6879220830887043
1.0	-1.4182331316595276	-0.793983585309475	-2.95771488766097
1.0	1.1567724427812598	0.3156116119980217	2.1630180937100025
1.0	-0.9316011402056334	-0.5588132964939634	-0.7648705151440445
1.0	-0.1761861204834121	-0.5462851357625922	-0.8679545993533397
1.0	1.2318505257772916	0.2346333921863426	1.407149019789132
1.0	0.13982152574267914	0.6454443391287987	1.4460984293989587
1.0	0.6566021883303668	-0.4549693923745699	-0.551553383877839
1.0	-0.47582498120620453	0.25486393721579237	-0.6758417470501734
1.0	0.21516025656297533	-0.11886240990637575	-0.13408400637821627
1.0	-0.7195483484007816	0.27513693774532877	0.3896924007015046
1.0	0.8853604961942656	0.5944394471543997	0.29659301839295593
1.0	0.6208848095637833	0.22227671812753247	-0.38538813760144197
1.0	-0.33843905224606186	-0.03604777246504609	-0.3309456282365968
1.0	0.4493631943168248	0.3176085160388684	1.2242797664685465
1.0	0.11188558667630844	0.9279855493350344	1.9310296946304408
1.0	-1.1971880290640362	-0.8891199068946221	-0.2690800325748888
1.0	-0.34604119560478797	0.6629125320811973	0.7877716057890471
1.0	1.0795028849351747	-0.8026591334729716	-1.1635523777268995
1.0	-0.6277834001229854	-0.4638502352973275	-0.7162748203841516
1.0	-0.14561616884814477	-0.21451380784090923	0.3479076506567815
1.0	-0.11392821000716413	-0.32630081118348553	0.461689651193879
1.0	0.2402088629323842	0.8406568471135296	1.0605949639367023
1.0	-0.45396121874246465	-0.5079101645806428	-0.7570350816882179
1.0	0.06355512747501635	0.26929465733261404	0.6710575586649397
1.0	-0.26214537107197167	-0.6633904490051967	-1.5797817657021445
1.0	1.4161549213903593	-0.3318088578801779	-0.2794519216596666
1.0	1.44064805699524	0.08135062416294758	1.4192243263406374
1.0	0.23691793781600978	-0.02467079842425468	0.3185721436569095
1.0	-2.1781556789134724	0.04131034533440903	-0.9827398427345564
1.0	-0.31415644784776386	-0.8236934881460312	-2.212374072434833
1.0	-1.2999080298928867	-0.25100350528774085	0.8727203324364767
1.0	-0.4109308938790166	-0.7519950228486159	-2.260669553731714
1.0	0.44266358435786657	-0.1062968373578741	0.029460467921354566
1.0	-0.26119165157546576	-0.2947001532454876	-0.9891941520970051
1.0	-1.466178496437224	0.4566231139824217	1.1901022603910767
1.0	0.6039287944185867	-0.5788889394008252	-0.7440564748199066
1.0	0.21481467056143355	0.1807164395699572	-0.7296654920066856
1.0	1.9497105929784935	-0.16774888443166502	1.8069622714880675
1.0	0.9872724002064324	0.18007129153874812	0.28061962176705507
1.0	0.8857346534425687	-0.27506390329870856	0.18250465903253738
1.0	-0.10638327500406497	0.7710350975643419	0.9035757408654992
1.0	0.7560084266316887	-0.5195667730591531	-1.2286481102536317
1.0	0.07084719432263054	1.111684917810336	1.3361552927524247
1.0	0.22709718678001245	1.3765866240409736	2.4245467868424613
1.0	1.398672107715087	-0.36350760091783774	-0.5574993268305707
1.0	0.6090849928656841	0.18609054581708806	-0.2548913726180575
1.0	2.5344101976149824	0.6928434235455017	2.689278888611666
1.0	0.33901552835262816	0.7686411070528281	1.2409088468357332
1.0	-1.3507733726837596	-0.8388099504692241	-2.2328723053056487
1.0	0.6355763882060819	-0.36055728479233484	-0.8064949674570405
1.0	0.8853512103256369	-0.02511730208676921	0.031853777039487496
1.0	0.5707071622898576	0.7201873349294168	1.792063073619917
1.0	0.4170838091500553	-0.393061461122981	0.2801829793385925
1.0	0.7249548750937906	0.8547500147198916	2.0809018129607266
1.0	-0.26911487099336107	-0.019270586008000024	-1.29655681000039
1.0	0.5694035222425322	0.2941426635989868	1.2866016442215602
1.0	-1.4004281450627403	0.5636671719575959	0.29554320348111557
1.0	-2.675836413929243	-0.584076486704431	-1.3103449172963506
1.0	-1.874693909668327	-0.1595386651845856	-0.3061556474887769
1.0	-0.6335205887375857	0.7133125094582469	1.736161370667391
1.0	1.1200758400786652	0.03533783158037096	-0.018924923072969113
1.0	1.7770529214344348	-0.5906327261434123	0.22257188314984727
1.0	-0.7031276373828934	-0.4522655196383738	-1.0740162910798092
1.0	0.7421698530373728	-0.49378971346586775	-0.2911025365349302
1.0	-1.0596088720893704	0.3378362838518769	0.27820312463188257
1.0	0.08462676658175106	0.5904778175791452	0.3265696221517657
1.0	-0.22971364738037092	0.4127188483232791	1.2321195081228506
1.0	0.6004174097560373	-1.1898315668762887	-1.2685559677432068
1.0	-0.6725806746543981	0.44239287929877413	0.043974101585954606
1.0	-3.7400265421947285	-1.0499456734985086	-3.3306876491123756
1.0	-0.48312726862661126	-0.14563273342254934	0.3438721564598722
1.0	-2.1981590075610242	-0.7230383077535203	-0.9793411182144622
1.0	-0.5397805911222182	0.6005749451711435	0.430669837034836
1.0	-1.0572589296105637	-0.11820047103980658	-1.0809254596521332
1.0	3.071859763014218	-0.20520181366991475	0.5443674071445028
1.0	0.9813480682117985	0.7929544431771411	0.8939154025079796
1.0	-1.2997625071870829	-0.44092420529157095	-0.09919830917709893
1.0	-0.2626478536506305	-0.43807822507633	-0.83289448151039
1.0	-0.9460790286598888	-0.9111452495822387	-1.8324716555006397
1.0	0.7922620368815165	1.0827175947255174	1.4787691616009184
1.0	0.22881370028418857	-0.2011226007144289	0.21464899559266143
1.0	-0.06392502384904564	-0.3901289245875952	-1.124374716175156
1.0	-0.9339515943007113	-0.3028065651085985	-0.4022499080237889
1.0	1.4756609241159007	0.4907414413809468	1.549020884995174
1.0	0.3652342113805629	0.45647627561651083	0.2786543911629712
1.0	0.19749574843419726	-0.03914807967183531	-0.06730597390108091
1.0	-0.7531684202957054	-0.8021535187465352	-1.3429234168623345
1.0	1.1957589375470876	0.16045319798175095	0.9338736776613239
1.0	-1.150959785078041	-0.7369495803182284	-2.191059800436465
1.0	-0.1766827693971491	0.23465347919273727	0.2764487602586431
1.0	1.5110969637933538	0.989166281688902	2.416910650281741
1.0	0.3938220724829975	-0.03842043232540293	-0.9706539852873122
1.0	-1.6709487298102692	-0.7706239523186995	-1.6615361154367716
1.0	-2.2765796593121097	0.30363700505629465	-0.9262893481119021
1.0	-0.3111488834702074	-0.36079383495663375	-0.4630231804029909
1.0	-2.3732494359063554	-0.6922888944199506	-1.8066475979216665
1.0	1.1982044921921498	0.21360213735579991	0.2293359602260141
1.0	-0.3133532769583134	0.7249264347714455	0.7216122633796989
1.0	0.2590875169400375	-0.5585223099935916	-0.771964637387285
1.0	-0.13395624465550515	-0.29692677392653044	-1.5970930698520458
1.0	-0.6462087545551931	0.13330991710965323	-0.7061525568115261
1.0	0.7278994174456104	0.5372581517092208	-0.035913724409174064
1.0	-1.1459561241810636	-1.104385497153573	-0.6505869854945869
1.0	1.6122679072839992	0.6909367529497681	1.321277286577569
1.0	0.557323765858972	-0.04345130397041297	0.08231327434310476
1.0	0.6159817852482412	0.1972586581667497	0.4221043334434133
1.0	-0.7901165733384738	-0.2533041997295835	-0.6156062795125273
1.0	1.8587002774118107	0.806220466848921	1.8030197067492357
1.0	-0.5875756033934989	1.5546855710127545	2.223357870828195
1.0	0.0026372337671709545	-0.059780003454014796	-0.9027550947489802
1.0	0.6754456996876002	0.11121454701356015	0.7224985041174965
1.0	0.22098244155231317	0.9902125267097439	1.2305020035856336
1.0	0.1647680832074414	-1.3164934388707699	-0.5892550679851787
1.0	-0.6448622414980987	0.2724555254807961	0.43830556745925336
1.0	-1.8728907035794284	-0.24959881043156118	-1.3160309465216191
1.0	0.15346465093531236	1.7756970057022707	2.6666776961785716
1.0	0.9376477898279294	0.954107870569453	1.8532484859182348
1.0	-0.00976657805338288	0.5860603936562985	0.6535804371576044
1.0	-0.7373641190296061	0.4296475599385343	0.45511511405165667
1.0	1.6703881090254606	-0.12721504897824376	-0.08428843722813151
1.0	-1.6604728623022265	-0.15919895373772985	-1.5234276301709577
1.0	-0.10387802144929115	0.6897511109327699	0.5810723889300928
1.0	-0.2451672473271138	-0.6490922518128575	-0.6580661704310152
1.0	-0.729893717970671	0.2467442493582115	-0.973745749418228
1.0	1.3070703087063027	0.40335355497368	0.6752705601285236
1.0	-0.7990140113041786	-0.39450082628382477	-0.03172348497370714
1.0	-1.530986412815813	-0.465185953018433	-1.503002924763798
1.0	-0.6456632144191765	-0.822296131984861	-1.206028386158328
1.0	-0.06507915333613656	-1.1072193015095881	-1.0603722911132398
1.0	-0.1271613783193759	-0.044287136021275986	-0.6585850972876645
1.0	1.7603092233418094	0.48095092319804955	0.5792634513384516
1.0	0.7708847177347744	-0.4216773514647021	0.4221701629638214
1.0	-1.6558343699300089	0.7259862529989873	-0.39542998159121534
1.0	-0.3394391769613705	0.06436886074170278	-0.024161726336813627
1.0	1.3017623676813619	-0.6935255584874183	-0.7092465844567628
1.0	1.6884320687448362	0.37960747378551085	-0.08636942598937969
1.0	3.6076128609301863	-0.6948669993881624	0.21814271888006187
1.0	0.5843184430957828	-0.0509539992902297	1.0777218881480546
1.0	1.5672922924533266	0.9044567613514212	1.2701577759456093
1.0	-0.1510013277962008	0.65578414232156	1.5665162758976288
1.0	1.173770696485552	0.29930910830688484	0.38078202018303026
1.0	-2.5483345356762435	-0.022369079091928645	-0.2822688048681735
1.0	-0.9384870578168041	-1.0335366928876923	-3.1637954729092552
1.0	0.10888463563909045	0.6007348098434995	0.5678974213979409
1.0	-1.2025400739680068	-0.339046586413589	-0.6049672800903189
1.0	0.3196256340801362	-0.11372419247763599	0.007409333554916825
1.0	-0.6729154136725208	-0.13218219105958307	-1.2135690337751255
1.0	1.6365640612471308	-0.10837615154561098	-0.047130582050975645
1.0	-1.0478428281989975	0.13356700635949803	0.4453849878398039
1.0	-3.5302921934542595	-0.5503656500291052	-2.714231897500153
1.0	0.09692035524189446	1.1068697252548545	1.4420913144413186
1.0	0.3322556119851132	-0.10369513334638047	-0.7831409862906373
1.0	-0.8219512790924055	-1.3768335181905407	-1.3639202208739074
1.0	-1.3697105659090631	-0.9989904244028833	-1.2811491675051527
1.0	-2.450796487739322	0.5347200602865843	0.47894483580057406
1.0	3.5960669312929054	0.4253170293893693	0.4349593795421864
1.0	0.8820810599065316	-0.01296411847282819	-0.5883999215038578
1.0	0.8529009027724781	0.5240306675632458	1.3207820375198884
1.0	1.3897163827766326	1.1443870247245314	2.117885569143836
1.0	-0.11068348029419539	-0.5306255716621335	-0.0951330783802311
1.0	-0.2363027517935361	0.2144575427600821	0.030326938004526127
1.0	0.16295595120954598	0.21924720395745068	0.2142710417470977
1.0	2.1901271445425428	0.6003556622002346	1.45894775557542
1.0	2.588247063284615	0.31389550728090354	1.8002611453075108
1.0	2.4934798861008423	-0.32578770540535684	0.4462266175223046
1.0	0.27655351138325024	0.003336309618833022	-0.6948830390795302
1.0	-0.20735474818031552	-0.3032396389947578	0.46346015589123385
1.0	-1.3630737439542893	0.5851029798633429	1.4735532709593289
1.0	1.2084882656254035	-0.4603545973513372	-0.1309553198041373
1.0	-1.1580783873213383	-0.47517029880272954	-1.9498052792713652
1.0	-1.7342883594360838	0.5245093881899172	0.011457988539743669
1.0	-1.0588390047560345	0.2624899324158281	-0.6185515990870875
1.0	1.5240503248582442	0.15792084644826687	1.0216599434293483
1.0	0.7329122620890534	-0.6274197945488114	-0.32928980049483125
1.0	-0.19393608044377242	-0.727551438471318	-0.35529843650256554
1.0	0.01589435998762756	0.41697802550390506	-0.11148633328425372
1.0	0.40677723545757605	-0.4661221955288182	-1.3282835036998524
1.0	-0.9893698286429862	0.5565726205867851	0.9227683017043602
1.0	0.21902433059851578	-0.6721653192855968	-0.5099734828302751
1.0	-0.2869954274598898	-0.5992805420764091	-1.1082019982694509
1.0	-0.22037512933566816	1.3241422351224492	1.957758147929781
1.0	0.9617290880021123	-0.5749531624902833	0.4640455895473778
1.0	0.48784112562798665	0.25929810053878954	0.18433419911457827
1.0	-0.38509010416601885	0.23408492093567013	0.2035819797983544
1.0	0.09364734104648154	0.36244361362835376	-0.11381978099522527
1.0	1.5206931937913062	0.12214904974921081	-0.9703812763155981
1.0	-1.0730398643920358	0.7534978973971334	0.64578312114203
1.0	-0.4157758907833742	-0.5660017599369711	-0.8567120201463978
1.0	-0.8884648093435823	0.9694455790343257	1.733271441369598
1.0	-0.21890952055448398	0.3293436590107004	0.4359828760398862
1.0	-0.8470768484127422	-0.588190656072427	-0.3889254757025641
1.0	1.3959919075536424	-0.44327659281168064	-0.23157914597836576
1.0	-1.1393772930714325	-0.2569387307066535	-1.949778491462134
1.0	1.3521246481262557	0.10533968617379319	0.053042861937336094
1.0	-0.3741722781889427	0.04620476903558446	0.1802163466815409
1.0	1.7131253467060228	0.18456635208223204	2.0888540067672055
1.0	-0.4117464226716221	-1.0943738563882963	-1.5340036772246544
1.0	-0.8373665429690478	0.3242308936701579	0.28049248089405315
1.0	0.2859499631551232	0.9028630692091322	1.0196474602542727
1.0	0.39500353730299675	0.9173821699284681	1.5072400447260141
1.0	-0.5693771888484926	-0.7277744901169956	-1.4575514813348154
1.0	1.5585184478627756	0.16301961217850547	0.6892426967118954
1.0	0.5842178397638547	0.9316370946901555	1.4514011209740099
1.0	1.9460256801933786	0.819801566386158	1.6947764155026928
1.0	1.4540151106551615	0.8722262492297181	1.3558634713165767
1.0	-1.9916413570626776	-0.40660074311102745	-2.910782116702091
1.0	0.4859354788288677	0.17639141933267855	0.9401106421461385
1.0	-1.8322506860329941	-0.20819776817838864	-0.8440803728066513
1.0	0.2657656250648106	1.328018521550756	2.558344586563968
1.0	-1.4038501511173074	-0.9401608713304621	-2.3470005990171963
1.0	-0.26551767994871156	0.6112701789484052	1.91117332054751
1.0	-0.24990194294098167	-0.32802034863149476	-1.2527841948668035
1.0	-0.9034788836892211	-0.9695066369039699	0.5347528084228792
1.0	-0.7857203697816848	0.2982817782571714	0.4545120870397023
1.0	-1.4347278979622322	1.0528280910937418	1.0313374210573092
1.0	-0.32596608686246586	0.763825838798343	0.5011032464740595
1.0	0.04832067449840949	0.11579168059632972	-0.0713134226314748
1.0	1.8965078258860446	-0.5828662598896177	0.767724757629082
1.0	1.1260881577211084	-0.9115183307466475	-0.7141621758413614
1.0	-1.197924096989973	1.1977006616062078	0.9342758806604674
1.0	0.35996386243916056	0.29276203087726227	1.9390085016488405
1.0	0.5352602225315986	0.5588447664037379	1.7636157913194723
1.0	-0.24414196694986945	-0.2390456424227283	0.18572676494127416
1.0	0.2773366278208904	-0.23874096309770976	-0.3723543249637914
1.0	0.5991986294042491	-0.18922486765653068	0.21481795539285475
1.0	2.2524186617972886	-1.233519695836528	0.0628767399281428
1.0	0.3029317155614679	0.30801949992928135	0.8417916663634015
1.0	-2.152070961475988	-0.696902475968814	-1.0898626998470626
1.0	-0.5534535098532762	0.6487238243862983	-0.7199812136400983
1.0	1.2097309991802794	0.5792792710776746	2.4214664548263594
1.0	-0.02330713226326342	0.031651886873975466	-0.21007795779533875
1.0	-0.15903538482002677	0.587793096445735	0.8622295041190622
1.0	0.4300759931102247	-0.808080302009812	-0.8128505454005304
1.0	-0.5856700490325961	1.0921710951968548	1.037611920534945
1.0	-1.5254946375709162	0.3212723601104628	0.20857378996954345
1.0	0.3492427831044971	-0.07019159916760143	-0.37036436704021003
1.0	-0.1354009378777059	0.545444945112028	0.10768085167481378
1.0	-0.11263387611065045	-0.37495319249621817	-1.0445291727726573
1.0	0.4915299375026647	0.6849317710498251	0.29343560748298103
1.0	-0.8842802068038802	-0.1282160455256829	0.8883194161029513
1.0	1.2024411540336777	0.5687734629605741	1.1361510145761646
1.0	0.9760278919970995	-0.7553189154797564	-1.31403663473056
1.0	1.8862898777160284	0.7596310621599369	1.097012460244562
1.0	-1.4862008085648233	-0.4832894288992957	-0.75707015123992
1.0	-0.5821171858153464	-0.23800024055105884	-0.6734715806453799
1.0	0.13944798320922835	0.050107637475919065	-0.1876158552588574
1.0	-2.6355647635995707	-0.46964091519845796	-2.156815562118112
1.0	-2.0147393542123675	0.9192089218221899	0.3018163374924785
1.0	-0.9533813469351866	-0.7327008880823471	-1.733218342218199
1.0	-0.0038758877510680634	-0.4916560236741596	-0.46872527482966087
1.0	-0.332382145318622	-1.161913008143516	-2.124445009279544
1.0	0.0772821914005748	0.054351130346810494	-1.3483419182248657
1.0	-0.6731258686672952	-0.23693291510488912	-1.9230388125991142
1.0	0.4422142468223491	0.11115054772507316	-0.26957731404108165
1.0	0.8786530647307478	0.023587691097903374	0.32956611889697357
1.0	-1.8314207165043834	1.1375623614579005	0.5499847008983529
1.0	-0.3504555712069708	0.18041409942931663	0.9357425204706744
1.0	-2.615611204158979	-0.6935920450341837	-1.6908669500199662
1.0	-1.2549363380636773	-0.6583982118739713	-0.9813176562413841
1.0	0.23184058316666079	0.13521796819651666	-0.31507596415267536
1.0	1.2110483604488795	0.7570485472495689	1.4525674776106305
1.0	0.8354351934549813	-0.25167165443753037	-0.764318778375888
1.0	-0.027342520742513976	0.828136027034462	0.43023552074045085
1.0	-1.136257428816232	-0.00557906247916784	-0.659747963756364
1.0	1.231446550157698	-0.3173776071000174	-0.7473139303033234
1.0	0.16976690459549637	0.6972292394433017	1.7971101387613893
1.0	0.6883415333860148	0.5828358054458644	-0.013705993670620087
1.0	0.4442583953815049	0.4308745939912195	0.8396509961893164
1.0	0.9538018894648044	-0.21035296676954696	0.9328821567039407
1.0	-0.2764418482077824	1.2913375107066236	0.8911438822252473
1.0	0.6058063834714016	-0.645788474180081	-0.3223560690561808
1.0	-0.010303253736524631	-0.9814157296536318	-1.0158526430656487
1.0	-0.08411888600324513	0.1319435050863631	-0.04831354509336608
1.0	-0.5149949856038969	-0.7823302351341084	-1.9192239873939219
1.0	0.6497221750870832	0.3122659759261013	1.217339721415093
1.0	-0.08624968727699756	-1.5812607000914891	-1.8148132494274227
1.0	-0.19107940337506513	0.6669829259229103	1.4535683157202413
1.0	0.14511285519217143	0.1679066660918651	-0.8861308607799774
1.0	1.3856903870003832	-1.1359246521207151	-1.6974276226264406
1.0	-0.5702817358306556	-0.26366064580032655	-0.8874102611592809
1.0	0.3817127684212256	-0.6268500751587762	0.11098240354245714
1.0	1.0117340312278822	-0.7552229426377157	-1.6840513671441126
1.0	-1.8366591742065	1.2848511323846914	0.45283262934281127
1.0	-0.4737636556976472	-0.49768640135109043	-1.5157030786531438
1.0	0.4852671477375301	-0.40013508030939526	-0.6709066769918941
1.0	-0.9997598161523236	0.2144409881133873	-0.9549125758628736
1.0	0.21600528916365658	-0.4227449801998826	0.4986902185337447
1.0	-0.24629863836051946	-0.04986479597057669	-0.5920525992229941
1.0	0.6760526326388314	1.1454044156648435	1.8285020127182787
1.0	0.21685879988210743	-0.10493524371887508	0.8346995968214548
1.0	0.14960960784968336	-0.6343358944079953	-1.2728653481165098
1.0	-1.7712633391744301	0.1057431735346035	0.3850977704173079
1.0	-1.2985346822892696	-0.45758524866448025	-1.6509420033750097
1.0	-0.08512129119549616	-0.13710468275096632	-0.9186086377402516
1.0	2.796436681042155	0.36651441124993633	0.8422598211772954
1.0	-0.23971011990291213	-0.7830181877409892	0.1594796177476907
1.0	-1.3429900722684565	-0.11487807708605047	-0.451960105096823
1.0	-0.07417186793083275	1.0269617523558172	1.1448924369286952
1.0	-0.18189643976500935	1.2384393377792615	1.1517757369955526
1.0	-0.6145836793709778	-0.36982970801546267	-1.2827713029814183
1.0	0.9664324686704999	-0.3481549307364449	0.4741722181034557
1.0	0.5660604785010124	-0.11750116108539066	-1.694788739648634
1.0	1.0467780948901568	0.3654476051010396	1.2101452819184622
1.0	0.03354271372927453	-0.1362182744529059	0.2153056997903363
1.0	-1.3194330245861972	-0.8726674477604344	-1.2023195551809536
1.0	-0.8134879417421219	0.08920416651287644	-0.9808932862829882
1.0	-1.8327680400511914	0.17106830436679488	-0.4968050754389607
1.0	-0.6981952396522901	0.023144327826662536	0.09821312280526545
1.0	-1.4879852673291403	0.9296122260272859	0.3380611406689507
1.0	-2.086581944557113	-0.272703573975833	-0.5644752451758871
1.0	0.9201375943343795	-0.42883834982423696	0.6405968986161934
1.0	0.664717266759566	0.17363253157308822	2.1097098235496636
1.0	-0.020660530086640705	0.8467605067913295	1.1890491467816822
1.0	0.8323260809680777	-1.201633783051726	-1.742156194134989
1.0	0.4499059861771988	-1.249362634946249	-1.2784557201117803
1.0	-0.6694952516916608	-0.1842910008650731	-0.47884811305516206
1.0	0.8843627181519977	-0.32096278198993655	0.6071832741879708
1.0	-0.6117223628764377	0.37942180342012755	1.7595644915528694
1.0	0.7452154476270945	-0.7144577981743878	0.2651257103755741
1.0	-1.2029952656609577	0.021066984540039968	-1.182717856004298
1.0	-1.941918268127842	0.33402529025076655	-0.4784844355792529
1.0	-0.34087125152921427	-0.09833568866674369	0.9605531163518239
1.0	-0.6450306910565677	-0.030341618381255264	-0.15334362226913179
1.0	1.9989935991990349	-0.04955448276225072	0.1926058676225076
1.0	0.5370361950281755	0.4932747172402534	0.8741563832714538
1.0	-0.6845493399526772	-0.399757316258464	-1.7997015873266653
1.0	-1.2934344127205746	-0.7664958188676894	-1.3837028219674554
1.0	-0.7204849447814476	-0.46214172932993147	-1.4677133140120455
1.0	-1.9413961516618041	-0.45153459868284296	-1.0747276083005186
1.0	0.740039194168741	-0.7844436353932074	-1.2211347653680238
1.0	-1.7756941548520198	-0.8940182709240074	-1.8030648390444428
1.0	0.8109781445102433	-0.37300509072144683	-0.5460295439248812
1.0	-1.5894593169293216	-0.20228131919345405	-0.11720394102865916
1.0	-0.9142706634581437	-1.4729345355499106	-1.6063486843765644
1.0	0.5335371875263428	0.8983940526932055	1.9887622529066067
1.0	1.6259837881729062	-0.8307534970326949	0.45016558940481305
1.0	1.1611598586076983	0.09264608763612037	-0.19807020592151725
1.0	-1.0905475971240612	-0.11758513025092343	0.3887685458547609
1.0	0.8537361542520774	0.29807973184857284	0.16102644759039986
1.0	-0.6620453608223125	0.44991056592684897	-0.0709831658182628
1.0	-0.4965896876788962	0.7836133360125559	0.8374443931493576
1.0	0.09335280962225845	0.44937963954192206	0.9105514091580755
1.0	2.6404808113279907	-0.978711178111439	-0.1537368399920597
1.0	0.9267377197910811	0.1380054081241835	1.0106011791212686
1.0	-0.5494714531552329	0.29428775316353395	1.2688486186732995
1.0	0.24495072256335604	-0.4440770035999959	-0.04119921032314905
1.0	-0.6220648516351908	-0.07095512980689311	-0.6789839712155041
1.0	-0.2571034950675921	-0.27159702453984136	0.2137024849896354
1.0	1.32349410989955	0.6711128696876623	1.989816005581146
1.0	0.13203771705679923	0.6535271386507491	0.3608891985927975
1.0	-0.700724514272193	0.22142034693893597	0.8631438398330245
1.0	-1.0735055646215645	1.151117659771907	1.5728165524917799
1.0	0.2327924942145536	-0.5098025478584507	0.20068544772321228
1.0	-0.3808086880183197	-1.0374964859803502	-0.8510714944942861
1.0	-0.15191389669111288	-0.8775406272406614	0.27996627080668457
1.0	1.4202494867880153	0.4348113291765001	-0.4408038192069148
1.0	-0.25911374433355494	-0.0010545188923476445	-1.534038544673918
1.0	-0.10314150556302604	0.5808431288267522	1.147430799361018
1.0	-1.109933063612167	0.4394924684399273	0.43327328916753766
1.0	0.3718974453319648	0.5816128242197443	0.655441295547861
1.0	-1.6114331529389965	0.28844904857322184	-0.5650842149210593
1.0	0.16351492430665004	0.15511035962507158	0.8586724387159501
1.0	-0.9649300578617099	-0.6153709500670099	-0.3912921290859661
1.0	0.5220458258124125	-0.3659888750684295	-1.1317370576427574
1.0	-1.1685836562189706	0.7273218924567799	2.0266208876605836
1.0	-1.4424324734483935	-0.010809165465081039	-1.372028580504423
1.0	0.5492879032509421	-0.935969941543096	-0.5532958259042396
1.0	1.5232068111119377	0.5048790682997182	1.816039566115189
1.0	0.524449614864916	0.08895769825100475	-0.031210489592857493
1.0	1.6941662808796432	-0.3265032436981228	0.030151458331775016
1.0	0.42108269060665826	0.3407889359873675	0.6197140385076019
1.0	-1.303118238467202	0.9232867622660637	0.005190959905011727
1.0	0.6532411429357419	-0.37842494695766793	-1.0669163520801033
1.0	-0.16463688543826738	0.658474171226874	1.135727535110618
1.0	1.0852529678648741	-0.5087104573051973	-0.6186773703651955
1.0	-0.4785841990039925	-0.475018734699274	0.10894520439534205
1.0	-0.9760639641557303	0.7256733606170438	0.5241087123216255
1.0	-0.9478974472747206	-0.8603418962423319	-1.690800225154985
1.0	1.2297718022055983	2.0550091911925388	2.627473861127501
1.0	-0.6815417155704315	-0.6294490080150743	-0.7751611209179914
1.0	0.18218947811783615	-0.34436612929048893	-0.5889136496564407
1.0	0.16777300161244213	-0.15892200676211887	1.993539677448891
1.0	0.7549647286960912	-0.0029005033062137198	0.6065928286783868
1.0	-0.8683921096222385	0.20529124380328811	0.22406053354111433
1.0	1.5962300922573576	0.6734499041892055	1.6387471065618167
1.0	-0.3975457955936923	-0.23814143752812011	-1.347018587190906
1.0	-0.9651566611189688	-0.5161550732449287	-0.9701047072333244
1.0	0.9337317170349202	-0.6615780670149298	-0.47562048388453293
1.0	-0.8527192855472867	0.5593295221298678	0.022450510284163783
1.0	-0.3600927667509337	-0.14780237699597554	-0.21936059370860683
1.0	-1.0635426524367704	-0.8340330572664021	-1.8031820074278493
1.0	-1.8051371865250116	-0.47835750848434877	-0.6094633699258372
1.0	-0.3747689265931262	-1.3031113450252512	-2.4352697853234604
1.0	-0.355654696623402	0.825373888137253	1.2934607886853884
1.0	1.8224809052076898	0.054326170494121584	-0.17263883281070058
1.0	0.0784930521083993	0.11957036493946038	0.25906567380293855
1.0	0.6031433301705045	0.11443333461521599	0.35569908543851286
1.0	-0.050328915038505784	-0.5615101156672542	-1.430825157833047
1.0	1.243530487997508	-1.1398548889975153	-0.9712342895133712
1.0	-0.5890849657246653	-0.7125393764543027	-1.3159307752517393
1.0	-0.7403728640287026	-0.6919049153214059	-0.7375990245625454
1.0	1.0257900201305992	0.05183965081952446	0.01907155864916782
1.0	-0.9583678066060628	-0.19965639154541548	-0.34053732904816847
1.0	0.2989664511364909	-1.2006967342458263	-1.9049974355524286
1.0	0.7327863379154245	0.6843433611466812	0.7957630685160502
1.0	-0.3353927325400621	0.23029690956968762	0.38042484243174995
1.0	-1.3649895944496064	0.001662042477090342	-0.21188482681922421
1.0	0.764062101321346	0.5526438141709975	0.14963271477612983
1.0	0.6913600101594026	-0.5755261517887256	0.8827424817384146
1.0	1.2984055714837899	0.19437058047297429	-0.27113913258879774
1.0	1.1402913590436148	0.10925773790077642	-0.5746364375572759
1.0	0.8373276858802825	-1.1459880232002788	-1.7603652410475874
1.0	-1.1468955894032193	-0.8880202075419599	-1.268858284450307
1.0	-0.7424759009205104	-0.06361589739795503	-0.39845225056127176
1.0	-0.9185444603796684	-0.1070456081872817	-1.5913857157534865
1.0	-0.1722017739976538	-0.5724902363465687	-0.14028454447116712
1.0	0.9417534715490259	0.8976252677242256	1.5102284527638228
1.0	0.2976845106259951	0.23650878922476393	1.6980369581404078
1.0	-1.95198596685265	0.15404932662464388	0.5171131156295914
1.0	-0.4520020444303654	-1.1057236016665777	-1.092117061579159
1.0	0.37282224729903213	-0.21141841295362718	-0.7891425674979946
1.0	0.9863325199156598	-0.3471739963706435	-0.9964916947141418
1.0	3.3561320084476494	0.2641129868061638	0.6047363064397671
1.0	-0.678502838226481	1.503407671010256	2.1724943280124673
1.0	-0.6940876689943263	-0.45461883200442976	-1.0148065957448495
1.0	0.9535860320472995	0.20367113716489404	0.3463765449689566
1.0	-1.2282809715466136	0.8292422535465769	1.2833774385315415
1.0	-0.2890066880325728	0.8912559395007613	1.6781128346767193
1.0	-1.3873439275940225	-1.651620650157162	-2.4912954578586395
1.0	-0.1439756898111888	-1.4721418828914896	-1.7084822837843867
1.0	0.7752612426954304	-0.27805994903012365	-0.9802071119995759
1.0	1.1531888735747815	1.010576383340895	2.4247734919635775
1.0	-0.6485949961337374	0.017796502565331274	-0.512541013066975
1.0	0.2848232481724109	0.024081017668753812	0.17246987153093057
1.0	0.2050423451526333	0.6901483890244005	-0.2768092491031243
1.0	-0.8342597837262362	-1.285019896540682	-1.3638278679224136
1.0	-1.4268754812290458	-0.2796378816562761	-0.9836614177348879
1.0	-0.3362823948026916	0.9882857750300009	0.751634159833444
1.0	0.18369964849911913	1.680497599512536	2.247998774265588
1.0	-2.232975111602661	0.6456906304834695	-0.030646108372776926
1.0	0.09602444370933227	-0.48781996859685695	0.19618413782944977
1.0	-1.4627746350729653	-0.28518190887833716	-0.274121357877816
1.0	1.018367197284964	0.30197303240225803	1.1207594357840733
1.0	-1.1843736080410583	0.5041294079541965	-0.10145688704464878
1.0	-0.038315657146361204	0.0036363072161456067	-0.2700274601301953
1.0	0.7003242815146367	0.5815978747932316	1.8485777883200893
1.0	-2.924466748569195	-2.331516616064166	-4.377544165988771
1.0	-1.2120042206784296	0.18103554523123178	0.39082534116936624
1.0	0.5421085851890419	0.24017315823743912	0.7770851702515806
1.0	0.5554551395753871	-0.25196011079071057	0.28437614355852137
1.0	2.738443590579629	-0.22950194209516184	0.03717494909865171
1.0	-2.3416763346530853	0.5178736733314846	-0.30301823195876343
1.0	-0.13420150621930027	-0.4036020738248949	-0.38772224787226683
1.0	-1.2732628820641008	-0.4341920314153951	-0.9348748730616872
1.0	-0.8825609998298258	-0.45358136310942543	-0.28892883084026366
1.0	1.2763136310381293	0.554349679252701	1.2522558385508413
1.0	2.0300824282707515	1.2458288758937481	1.397125962672002
1.0	0.4504870137910322	-0.8895498834859836	0.258716047343839
1.0	0.8396371067657835	0.4507323522413489	1.3049091270659507
1.0	-1.1430334667828115	0.7486496192808438	1.4241948614024844
1.0	-0.16227727795656754	0.23015728746441688	0.3289581190092307
1.0	-0.345338918765667	0.24668321699999263	-0.5003596841118214
1.0	-1.2939625703540765	0.6750491869763873	-0.09396933055785794
1.0	-0.3465088973221535	-0.20685564125805445	-0.15650213150334835
1.0	-3.4790445500538003	-1.1944073849422012	-1.2368844439016748
1.0	-1.6800182022810626	0.7481987669632963	-0.28255399260570413
1.0	-2.0253187362565708	-0.17683856712289958	-1.1917162212847727
1.0	-1.316069971735332	0.42856203960368733	-0.0426300368586931
1.0	1.747034703203048	0.9216254793793448	1.9358873869316984
1.0	-1.5775479693406274	-0.8960125883519876	-1.8033801372555296
1.0	-0.5960157451478123	-0.333777898717287	-1.4062496841287015
1.0	-0.5060397977924813	-1.0418932494195754	-1.9917954468906771
1.0	0.8296030104649894	0.6263854387994678	1.4785756074712828
1.0	-0.6118421138665129	0.6133196390670981	0.2370886977130343
1.0	-0.6098836276343951	0.5097496115304838	0.49962922043168306
1.0	0.4200454782217289	-0.4972658138483981	0.0037816131600489356
1.0	-0.1398006800400422	0.279957493434301	0.6858540639952739
1.0	1.2786647511878027	0.0007809132925111761	0.727125629855724
1.0	0.012702546295757955	0.39170342164677363	0.8353280023667646
1.0	0.027803223563972246	0.8869227565983628	-0.001213310668708889
1.0	-0.5229051094827799	0.1004268046358665	-0.37714584317371286
1.0	1.9000581926312767	0.05393150954301262	0.642283998544406
1.0	-1.445134560899895	-0.25554704607302536	-1.3266674053380259
1.0	0.02179003284080583	-1.2421347987074907	-2.416889344250765
1.0	-2.0173663737046965	-0.03528929598170549	-1.5525467168688585
1.0	0.6801523351135286	0.5641512844623038	1.249740013813882
1.0	-0.47650516694548006	-0.18853205564809383	0.06756542376564328
1.0	0.27772483771645895	-0.5118423808139259	0.39187794829621464
1.0	1.464787800194368	0.4389598327793407	0.8895954346816934
1.0	0.2064142210631692	-0.19896641304710583	0.2523035496818024
1.0	-1.8463989013587394	0.36303009369779415	-1.3633260260113271
1.0	-1.131922667103665	-0.8389636346904243	-1.6651542033556164
1.0	-0.9999128672380069	0.1688238696072113	0.14198967901356402
1.0	0.4557877755350832	0.12549515696437297	0.3171157772264372
1.0	0.05842887089313642	-0.16720906248418244	0.014912952084917414
1.0	0.47755743925483696	-0.2074115517409414	0.7437345476384605
1.0	-1.6809463905311635	0.4798387664671355	-0.42116084665114173
1.0	1.4425016845089544	0.5543692638961373	1.0291515090378847
1.0	-0.4283884921282972	-0.6184466697568172	-0.18466168156166218
1.0	-1.225096984545357	-1.353905166027285	-1.7472996355231238
1.0	0.1944225441748788	-0.6657748900043874	-0.9862335862510849
1.0	-1.1488708716378078	-0.03373013847097939	0.24829278537898763
1.0	0.06208822628877986	0.47523305255473547	-0.03748333189919628
1.0	0.9512365582682945	-0.15392414249393105	0.7849699342507519
1.0	-1.6562332933767765	0.057136891056048134	-0.9372142295092454
1.0	-0.08675671806578311	0.22630414970313995	0.7653001033761142
1.0	0.9932406353262566	0.6084532388848847	0.6205202765368658
1.0	-1.141409643822965	-0.6998211510381789	-0.984340107203038
1.0	-0.4162367161955087	1.464231449203902	2.2779943724147684
1.0	0.4634935417624204	0.7618671005965418	1.2332445038456301
1.0	0.6219257691154283	-0.5002012644201363	-1.1445776771499192
1.0	0.8981415516660514	0.10172254087915755	0.9127027353953641
1.0	1.809801135180801	-0.45692345535881973	0.18525936300464302
1.0	-0.8555708245562785	-0.4778513529798729	-0.17711410353340473
1.0	0.45293869091439554	0.12345888904506452	0.26441242778589896
1.0	-0.2757757609489131	-0.307533182520094	-1.2402402135549786
1.0	0.948510196504321	-0.31686703303995634	0.6384893583273739
1.0	0.5993045363725917	-0.6690270156269853	-1.1818760088738878
1.0	1.1244654364169868	-0.07772457549244383	1.4783573777500838
1.0	0.3776699293344281	0.6469190659480275	0.4307003936938342
1.0	0.43183059935308865	-1.306764211228596	-1.5174056846175932
1.0	-0.9908751530018964	-0.256992671269364	-0.30833387095709286
1.0	-0.4938775750297051	0.3293943370834107	0.49407462342311365
1.0	-0.9219526066134041	-0.9881072144719457	-2.748561184012515
1.0	0.6388997167274795	0.24268991789030014	-0.7587790461524124
1.0	2.2970963830452247	0.48620770570084737	0.1064392877973881
1.0	0.5104133689239578	0.3405171003817835	1.0488813271988235
1.0	-2.0337295868730143	0.21964716928922945	-0.15934941493112187
1.0	-0.09412725908482589	0.23656120840157158	0.5989764002215976
1.0	-0.7976026853628015	0.7269384965932519	0.014418868336432356
1.0	-1.1091544859772346	1.0826032811940012	-0.06615702886641839
1.0	1.0498307378757046	-0.1812545286984104	0.6047244836025871
1.0	-1.0314532662299785	-0.85357085330688	-0.4760846711093035
1.0	-0.20913878895355875	0.4285587930103061	-0.30173632417279295
1.0	-0.6988188852622708	-0.4878250288444781	-0.0802782570020727
1.0	-0.6756264873970901	0.7275455753874525	0.7461369156491469
1.0	-0.9925970281186753	-1.351292896335683	-3.063238576341393
1.0	-0.9131727946672505	-0.1676623584232526	-0.13400724280120485
1.0	0.45308068545387403	-0.141838253554869	0.13451404935118932
1.0	-1.8350226169052881	0.5353395884506167	1.0172295452652786
1.0	0.19360713545929897	0.7265123789636898	1.2549095023732264
1.0	-1.6631051064835658	-0.5806621298633663	-0.9352588019250334
1.0	2.097726756389366	-1.1109228663337027	-1.544732439156367
1.0	0.943056748183567	-0.7724952785833148	-1.9331857908060215
1.0	-0.01179343238959607	0.30594578784957527	0.1450805705034353
1.0	-0.42329104455967403	-0.41657910811286447	-0.27896967601367806
1.0	-1.6063490047006033	-0.1281833624048092	-0.37872320138791216
1.0	0.7099411082398914	-0.014887738416465846	-1.419032722244916
1.0	1.7479542549520124	0.3801936401961501	1.576896506888418
1.0	0.29102694242912897	-0.8391059437310704	-1.3333462549410844
1.0	0.9814959291218965	0.5263179383046119	0.18393961675994874
1.0	-0.6914419098120597	-0.04080933391070918	0.030117756348319313
1.0	0.5226752647263115	0.9087723243945334	1.7662897222318312
1.0	-0.2046067920068788	0.7900550113846703	1.215314636120512
1.0	0.26075402272277604	-0.5007526015996917	-1.3204369768268522
1.0	1.3490380554058996	-0.2768355047798754	-0.8335014383954433
1.0	0.7475740322729552	0.9280286054560105	0.9995532286469018
1.0	0.9404905458924429	-0.05228984735952258	1.0902966156097795
1.0	-1.5522989700916252	-0.6454425387479314	-2.2599370422108453
1.0	-1.0622364269244597	-1.1159375013392954	-1.3697528007402813
1.0	0.9736431631205766	0.810092637948109	1.7278593072364488
1.0	-1.2265800117274779	0.6476460766411658	0.9393044467621536
1.0	1.2487410918082045	0.04750310645929101	0.2843931875238469
1.0	0.47518550762588774	-0.7773173912633025	-1.0256791086373964
1.0	1.6848586321909762	-0.4390647247116255	0.8297055581993398
1.0	0.27865293499373767	0.27768706155583	-0.07542376594264344
1.0	0.21406435434662985	-0.11928884146235674	-0.7419628767723943
1.0	1.573575061164175	1.6377800500565285	4.231977479164715
1.0	-0.9094935001927134	0.34716681775023117	0.7663692478358057
1.0	0.26969239009588986	-0.5472748805328753	-0.40650223116736267
1.0	-1.6188178113196896	-0.29178550681997084	-0.894200260693526
1.0	-1.816415465618058	0.06000936106072041	-1.51916957988041
1.0	-3.9191873411946254	-0.44208378271552107	-1.1998690527497575
1.0	-0.38657983876025526	0.8476881517131969	1.9088840662654905
1.0	-1.294994729826441	0.1785994262296371	-0.45409499949717713
1.0	-0.9480056031879309	-0.14352643963778644	-1.5937764388619098
1.0	0.1339126831065185	1.1985051108019253	2.065494309644698
1.0	1.028112786875421	-0.1836897560334989	0.9199510974922362
1.0	-2.2968463602891758	-1.422268891442419	-2.9576923938184514
1.0	-0.5325577440934923	-0.07538257190966768	-0.046490759100752566
1.0	-0.8521697187841903	-0.7123418896054985	-1.2744691393014536
1.0	-0.38794957040556177	-0.0081623199937082	0.1268718666963936
1.0	-1.2043470308445068	0.7841578790975068	-0.24934074782684035
1.0	3.302513239974398	-0.10009275463330658	-0.28887710520851284
1.0	0.25045653053856753	0.26928538375038746	0.42095440022148406
1.0	-1.0291915443485848	-0.6597072638039587	-1.129765792192331
1.0	-0.2837011263319722	-0.09169420038193077	0.7433143921872867
1.0	0.5782590732700212	-0.023401112908435273	-0.2948259001650641
1.0	-0.7506582344977355	0.0698026879330933	-1.5297983106355573
1.0	-0.9347018108478347	0.5000739261836475	0.7186144487223842
1.0	0.8724890901767646	0.5539084683063353	-0.5987988025720793
1.0	1.023539700715518	0.08637992456854349	0.8741423543700464
1.0	-0.3872374800798921	0.45005785136576293	1.212423679180092
1.0	1.4766173995707446	-0.3798989206153116	-0.9540763662894369
1.0	-0.5941764332856279	-0.8662949697211122	-0.8672133783607094
1.0	2.69650076064229	0.32574848555085856	0.4874394464055029
1.0	1.9529881563609157	-0.11048041959211918	0.4703570677008872
1.0	-1.1345715769187104	0.1126630481984554	-0.3440468377731742
1.0	0.08288569958577252	0.06117713475870268	0.034067763386197436
1.0	-0.36942120212952645	-0.9883803729996843	-2.3351428747363623
1.0	-0.6224665974418979	-0.4686357004498145	-0.4835582576969619
1.0	-1.5441208964727986	-0.35354311225035584	-2.159555090401765
1.0	-0.6135541058969913	-1.291734138048588	-2.5063370854665905
1.0	-0.8847428790173284	0.36697645326790296	-0.5624521964623419
1.0	-0.5284936760626602	0.3924524778909966	-0.6352383255840309
1.0	-1.882731151072102	0.3940120989852529	0.3652057180084994
1.0	0.5650551290217658	1.435700204804959	2.5942450555236882
1.0	0.05371992548460369	0.8841716948511773	0.35282557154581057
1.0	1.5783497256232124	0.5501466271895405	0.7630800788956604
1.0	-1.2985472302371166	0.7563768299711655	0.6887668270984484
1.0	-0.699222240750637	0.19552508320725615	-0.38308568543771615
1.0	-0.026031125616452933	-0.06834951901248854	0.9285546435747569
1.0	-1.259266866769238	-0.30982430770000047	-0.47748734010504834
1.0	0.290992113920864	0.08013285152979721	0.0951781310683183
1.0	-0.6057026841350952	-0.24570137259675784	0.25570501507355026
1.0	0.31016674140352407	1.2464897843590328	0.7745353617713799
1.0	-1.1328644881009122	0.9153793993666315	0.9089963859064778
1.0	0.9524410027611641	-0.11626919879300734	0.10242150677056377
1.0	-0.9324849809389208	-1.505667373810245	-2.435042074941754
1.0	0.21478097512104455	0.21764065003942745	0.6631620236390638
1.0	-1.085234313807419	1.4888100242621118	0.8502252630748561
1.0	1.146267910320721	-0.4016328928434807	0.5160191444693802
1.0	1.3925155236601823	-0.5169980071549494	-0.579579754409245
1.0	0.6962166534150445	0.3373211980747901	-0.19998861646999289
1.0	-0.11227084089628203	0.9584255244955697	1.6631537650849393
1.0	0.5170811236288841	-0.4922694817841615	-0.6303719832205044
1.0	-0.4100866484719532	-0.1658896757365087	-0.7293659355269884
1.0	-1.6515911455830672	0.29058138294362124	1.1388419580432312
1.0	-1.4774445689032296	-0.8100145001986925	-1.976608629432985
1.0	-1.3314943946413296	-0.09047450340524033	0.11041630859323603
1.0	0.10326649782734876	-0.24075530267055179	-0.3978394888400992
1.0	1.1890982804839672	-0.1509099053050409	0.677377646317477
1.0	-1.3917649347132315	0.40185346176397907	1.167269137983789
1.0	-0.11736351964873304	-0.08635222000945131	-0.8468935305481746
1.0	-1.3482192879688935	-0.355654459876809	-1.2026167268288999
1.0	0.8750857937338568	0.3171152636347716	0.7112281746160873
1.0	1.0531988888488764	-0.7157672894851355	-0.35988312588296345
1.0	2.305691914237223	-0.24031777597901316	-0.7718795020381839
1.0	0.2672636402113495	0.044792043735198295	-0.9006106916275913
1.0	1.5327505411435416	0.2341723714406574	0.8502593303290316
1.0	-0.7091614763647618	0.5173653253509873	-0.29761775341939684
1.0	-1.4417387000371606	-0.23488934090339164	-1.249388282565419
1.0	-1.0069995467521382	-0.9916217002723902	-1.6248981666686984
1.0	0.5974132216943042	1.6071962401302788	1.7928469710704134
1.0	-1.2047387069923925	0.39430429527964117	0.4621918399252671
1.0	1.0786317716341687	0.20997461680075125	1.0076392145219961
1.0	-1.2561179719145468	-0.03052873229200359	-0.5568651521277054
1.0	-1.6460320068124803	-0.21138117966783487	-1.9721224451668424
1.0	-0.23324459001259878	0.33605753412277606	0.6225089122881482
1.0	1.0616425544568155	0.3800851124593989	0.5753372226718847
1.0	1.3914498797660082	0.10274836615934735	-1.091381878169209
1.0	1.5688598647619507	0.9195679142492916	1.3022762075847278
1.0	0.9025126499703813	0.7585456103554882	1.0440278185637373
1.0	1.529442180516427	-0.7468450036195509	-0.022747144901131222
1.0	-1.763668863972483	0.40325588225966325	0.8218531772290856
1.0	-0.8707424334579823	0.3721329109960707	-0.4848549174899054
1.0	1.348243641505043	0.3644620338741169	1.7359048054982562
1.0	0.4898225596609027	0.4231259951933857	0.8764927384412662
1.0	-0.736482893059212	-0.49200728554164574	-1.2852324354611342
1.0	-0.1649188544945659	-0.7060086590674406	0.057355695046179545
1.0	0.5436006802804991	-0.35054128547577923	0.1555958888395132
1.0	1.1828332583818435	-0.6004868650617106	-0.3760335259477959
1.0	1.2463578945013927	0.11159360505603333	1.1842284349029368
1.0	0.8072569070964413	0.5891777856460494	1.1969968915639886
1.0	3.290608783985202	0.2795879746475749	0.9051273291027198
1.0	0.3192804752238212	-0.3624266126312117	0.09165252917879024
1.0	0.5888092963962173	0.4622708039178822	2.0711496473868625
1.0	0.14399377837249716	0.6757772856623769	1.664041258421014
1.0	-0.07567826096198704	0.29470228236280605	0.5854636526496879
1.0	1.49439236790234	-1.222793967904411	-0.157654382363421
1.0	-0.0008289945260226972	0.4765314372677323	0.14894799376475443
1.0	-1.7544844709177436	-0.3107053677013525	-0.7392404244084592
1.0	2.3709928413219634	0.24598135248886033	1.1398709022535074
1.0	0.03389165982341513	-0.568973938733552	-1.3181572282128278
1.0	-0.9419792862894862	-0.5662332508329071	-0.9185130002973538
1.0	-0.36668201357219044	-0.07746788864189491	-0.09554064520567306
1.0	0.5358920016798825	0.9211003996562277	0.3699410413948551
1.0	-1.6933307102503123	-0.07808515983356012	0.11450004444587236
1.0	1.7881742260131466	-0.4314292078782789	-0.4365856168493393
1.0	-0.42329701884248383	0.4822014096060787	0.7468573815469703
1.0	-0.9036767571624242	0.06582207739709212	-0.724355637478292
1.0	-2.1718959107193294	-0.2544230573058308	-0.43892765814170576
1.0	-0.01699224021854029	0.1060105630722381	-0.6127626150756751
1.0	-0.7624805741708629	0.3231366657048209	1.3899254301374337
1.0	-0.021368126126457554	0.5313924380364843	1.137142123763145
1.0	1.890895567544578	0.39461651235796635	1.2305533055914506
1.0	0.10268329174090507	0.24478607080463632	-0.3967782112564345
1.0	-0.9434000159017488	-0.9223377393064158	-1.6775012023917821
1.0	-0.5340071303238929	0.28078891614583323	0.9551113554001227
1.0	-0.4254060261623982	-1.2580537119622446	-1.745779165305839
1.0	0.90589286855392	0.0903412063889002	0.9172773272242842
1.0	-1.2015645461887292	0.17100038148827235	-0.8797515592224943
1.0	0.3387450636250886	-0.18982947659272842	-0.43622459288955007
1.0	-0.9349741405473049	-0.21625683089243886	-0.47366639129955806
1.0	-1.435700154898286	0.0884074395810428	-0.6871999108630227
1.0	1.3917631775066601	0.6593880825775664	0.3196947094747888
1.0	0.8534342401360187	0.2006624834591788	0.19574648208090373
1.0	-1.029369951148877	-0.4763144806289894	-0.2972121837490137
1.0	0.7849178204461378	0.26387188473952516	0.3229590415735218
1.0	-1.2802500469361169	-0.6390604951420062	-1.4576197092507994
1.0	-0.38676318262570764	0.5869381075878866	0.021527771437048426
1.0	0.30938386719649014	-0.8120167014870758	-0.7293401040134404
1.0	2.3355748003246957	0.09940495176964115	0.6329710146055143
1.0	0.8480423128698886	0.6765089070412138	0.5521356037575877
1.0	-0.29125131470742716	0.6914316763739525	0.41476868387749616
1.0	-0.38104471401593987	0.3092225852415029	-0.4579219765589276
1.0	-0.6618005323270273	-0.21147906200920752	-0.13659483407829176
1.0	-0.8775716578193515	1.1323510989442913	1.3921186127511598
1.0	-0.08594236479244532	0.9436200975001223	1.817757583279803
1.0	0.5835951341818282	0.4977433858199105	0.7621182589190476
1.0	-1.3572252433548728	0.6706908666293612	0.19892591995318237
1.0	-0.3049984861745454	0.07221793674500487	0.4458645172147974
1.0	-0.7301918622225889	0.762170871559519	0.8206195533705847
1.0	-0.9489380996641392	-0.2825700531179518	-0.418240917889304
1.0	0.423000822601141	-0.7765168974353207	-0.8552160513696179
1.0	-0.46179570855062924	-1.2396755499393637	-1.8023943112875236
1.0	1.7134661852991426	0.5760603061033547	1.921136934535185
1.0	-0.6060406576655293	-0.6195951806291684	-1.22259877670889
1.0	1.9569304156044884	-0.43935091538115456	0.22197882533416013
1.0	0.7119137738875958	0.3368368649198352	0.4589297041278603
1.0	-0.16246870582765105	0.37847404455716527	0.9001835506858016
1.0	-1.609674613239851	-0.8072186877707925	-2.3318861561722253
1.0	3.226044738782261	-0.34205926426839617	0.6058517511354731
1.0	-0.5146890630155578	0.28874163257130236	-0.7159550458852986
1.0	-0.7697574006937025	0.24305859644287464	-0.8198435553049954
1.0	-0.4042363844590584	-0.04874327066780104	0.7418000237653013
1.0	-0.5471228003940567	-0.2628994229618631	0.6391316890095848
1.0	-1.9818699827371287	1.1971023554669418	1.5589699356168745
1.0	0.9906373110493902	-0.4146079472764972	-0.5043093999429749
1.0	0.5562810806369969	-0.445327686002166	0.2900002912920383
1.0	-0.23560611476897186	0.9671977716766027	1.9829040600157053
1.0	0.27187589708700877	0.8288084237524909	0.785678284310708
1.0	0.28913643942988454	0.16461099906178278	0.3582089310518514
1.0	1.169396073237654	-0.03426104795158791	0.6364207743785273
1.0	-0.8613573538409085	-0.30217664576481007	-0.9189018026547437
1.0	-1.0538757991992034	0.22687952812666357	-0.45253968428112673
1.0	0.4778506936298701	0.723868121368699	-0.45544369453551314
1.0	0.33564630945148455	0.408809849671139	0.8110091292906996
1.0	-0.1323692505133005	0.4548957782441656	0.5220813728023379
1.0	-2.1324269174747146	-0.05169178349441661	-0.5630013615779048
1.0	-0.2536048734264087	0.15032567959719056	-0.06373330658604738
1.0	0.6918131584326446	-0.4274775611447579	0.3934545699863597
1.0	0.0638232862449355	0.13417361413889006	0.24478726385164756
1.0	1.0091593591950039	-0.1102882787332391	-0.31962472836061084
1.0	-0.5368529020393131	0.5363152978438994	0.5090987643531302
1.0	0.8389608543810603	-0.3398601338596088	0.16696408595344758
1.0	-0.47237923577905416	0.41142586272601145	0.10062636440492745
1.0	-0.16777066780019645	-0.09810677666111345	0.11413136671100893
1.0	-0.48090331813035814	-0.5176849317698469	-1.5927246946637552
1.0	1.3302406346808189	0.7443473060219001	0.41550725766641977
1.0	-0.2103706093399076	-0.5726274120043813	-0.6344818926345538
1.0	1.3698689513634008	-0.8120157726378887	-0.08440226662865946
1.0	0.5718255967491102	-0.7023915793436863	-0.8458860187680737
1.0	-0.5952045394881358	0.15361176992060432	-0.40149836235430514
1.0	-1.3876615798883174	-0.16464619094877797	-0.5323038566780944
1.0	-0.19145253041724875	-0.04149322833524116	-0.5630976883683192
1.0	-1.4592846569622404	-0.942790149030819	-1.3797329211268665
1.0	-1.3087811168222396	0.3548268665752565	-0.40023020336086285
1.0	1.9056217862569804	-0.20787301205521413	0.9940048008542475
1.0	-0.5821739060193405	-0.2946862941453059	-0.29399703603163085
1.0	-0.44220528118130975	1.3402952078192016	1.2767949903058715
1.0	-1.265600425368194	0.48518972436529495	0.8140958572422499
1.0	0.047608611037636805	-0.1678901243621247	0.3823535130318611
1.0	1.2975832103080096	-1.2264665134970003	-0.17128811321062287
1.0	0.6130999974855005	-0.12116354614085556	0.28748648645100827
1.0	-2.414271781104869	-0.8154956210598496	-1.888042849327112
1.0	-0.2859038376574894	-0.5020121068476746	-1.3322364779250697
1.0	-1.5761463144225178	-0.8128802372700208	-1.0918475036249937
1.0	0.10686512373040191	0.42047653485717795	0.3614823580067296
1.0	0.7883988746725592	-0.4326588777456011	-1.3531230968043704
1.0	1.0713565392998046	-0.5396627115613655	-0.42313304098799853
1.0	1.1307691702716731	0.6629944443432447	-0.0684160935140885
1.0	-0.6441914456301587	-0.347133491423564	-0.9214377451376161
1.0	-0.8684888501757042	0.1239599569377563	0.12077540852869006
1.0	-0.054063705670276185	-0.8034598952239935	-1.0132574142541446
1.0	0.7268806271463744	0.0985455549058365	0.3485577749529784
1.0	3.6675747701511954	0.44674299734572953	1.6490771540629523
1.0	-0.8654431010654271	0.350842531412606	1.5850651212743745
