0.02404472198663993
0.16885263983437285
0.004629223971801016
0.8126157131546813
0.053107566222301755
0.014937948353522551
1.1863149675099722
0.5338921614856826
0.03841693752777779
0.0422009343950828
0.008735043306329349
0.0441653314478303
0.2219376189390797
5.0126677759481805e-5
3.1544047474992385
3.257472434008709e-6
0.08173297556374362
0.04926866587864104
0.21874891945361302
1.2773218561933277
0.011364967542382632
1.1558075045030434
0.02719979290103954
7.0662411628663735
0.02498749928067193
0.10808871992437265
0.576045448630459
0.00720085425236988
0.04006099833182013
0.003625933263016104
0.10100074538111123
0.7745270993836829
0.790189524631458
0.018513099038201208
0.029116388185374847
1.329090702461348
0.026363259273935832
0.08597236938344807
0.12052443896698771
0.00435163404256927
0.2734714994755456
0.00014250600031098627
0.18789320494614925
0.10333051197479948
4.703021411215016
0.5332210601596002
0.004230150331860635
0.3198628256239408
0.06077231112897558
0.07007484097351019
0.37446082468463604
0.5374218375427142
0.017112170742148387
0.10648696655862425
0.001394463264919991
0.27305747723179796
2.0413256507368067
0.43706339893266655
0.04615237634657507
0.12991023483203532
0.20625899931963773
0.16796241083079097
0.5055705267235526
2.0305082289774097
0.00036273406052716116
35.0028297588163
0.003990306338228735
0.0016909670221510493
0.16588716737105239
0.5784524919289487
0.043948325587781285
0.17492047662386404
0.13793692378870298
0.7752918136252259
0.02982474975788806
0.1406608470785021
0.0655462688163705
0.049492093325890454
0.09308752796733412
3.650986558714887e-5
0.24370213212116132
0.05932058998130564
0.061016632992422805
0.14303129338711362
0.01984697322451945
0.00013932541570711902
0.05556035319233033
0.019575934409754074
12.193184020111511
0.32818292392670734
5.9098694489061465
0.027576287130183997
0.17563647127398463
0.289462324208318
0.02666958123858701
0.0014309928086761277
0.018316129823192816
0.3355205396873003
0.06819626231012216
0.045592491275453846
0.06528997368273262
0.011510467676809527
0.000944677284364701
0.35994598679532774
0.21727548915051942
0.06272960100910434
0.0011315982372879614
11.261945353131733
0.04374948033665713
0.24818104522997983
0.006278159362859704
0.24437296507938738
0.0672206863795746
0.6754095769087733
0.05563886984992394
0.00025633486528257854
0.009881895707137774
0.01063062626862832
0.0639894154857375
0.1092550966130621
0.013815551596133603
0.03525725944624175
0.08868681458956273
0.0050520660935861935
0.809644699530278
0.011036531810044891
0.21742398349529976
0.16281884301861477
0.4564852526659927
0.023300371290846795
0.039085878982526
0.02109391170124985
0.018784880548105606
0.000571941000635362
0.580201394375585
0.000168465193753135
0.0004550159830204967
0.048457500113121735
0.21744629092644366
6.618706381442367
0.045758928717799595
0.02178860281481418
2.3174990175915395
0.013912778464586838
0.34372683880933014
0.32085215833775255
0.0016359843358081932
0.018877238864326358
0.024138328925627596
0.08178673393215606
7.19012427005082
0.03402244157997052
10.14459129504963
0.04788000004244204
0.6918590798853653
0.03253746290064363
0.023914979777350423
0.1805583998620793
0.00711334427284508
0.00202160098215201
0.023548452125755393
0.224002701043839
8.357492669089973
0.7017805370406105
0.013460102421489236
0.6547898521041758
0.0023406462630974224
0.03107360649825373
0.1944753894261757
0.30032547812969923
0.009305903768837642
0.08518592042089328
0.04623768474996245
1.349692660266498
6.749129462109063
0.04847485551987236
0.21081159399892901
0.4521088444747222
0.6074745117211467
0.00014748247645003272
0.0016887615874623088
0.11260129399850659
0.09718805261310048
0.001879567691060597
2.030431394711638
2.1735408388240183
0.4570476404392013
0.12257545842697658
0.002950061599277495
0.01025698501998505
0.010375367445095101
0.0027774270265230657
0.0023308420673391664
0.009542249534139294
0.4576644917680838
2.1907414105111576
0.1527342896336052
6.308885558229475
0.04140817055338887
0.023400760142410354
0.4112637580531935
1.7588378769128232
0.2037503260678517
0.07981970976296911
0.00041148584587775354
0.07997681254231177
0.1720322278969914
0.011752616775842453
0.4491142692541848
0.029238847979480134
0.49824168777777594
0.14413528694420133
0.00810235371951701
0.06845838520081612
0.05704111446168625
3.4134600050704273
0.8965355267107867
4.463450298978883
0.1588582958589045
0.10638235810058713
0.033202989476359794
0.00031642637507632495
0.00405971335452159
0.009605816449555608
0.00042447850297167814
0.07758427579014752
0.16528673803561558
0.03378125431607783
0.016177127891188112
0.0035779661624446807
0.19369516813313745
3.465099090600163
0.03164008423100733
4.456862414164905e-6
0.07922999388112528
0.07527249228760605
1.0544429431842297
1.4331530423933347
0.18889126154341548
0.3506200267771429
0.09563648993492255
0.004974532387421503
0.08845442427652778
0.2373482426411986
0.606981316664671
0.0024311276776919277
0.03818818838894258
1.81232915341242
0.028699087119527837
0.0008738388605702941
0.050867803335674575
0.4524292522129636
0.005887397006759447
0.0007511246969044772
0.06746096102086253
0.8296179404252009
3.3334659574863603
0.28186149422792184
0.0008721458270163037
0.03754454406281789
0.0272906366785054
0.017086188475930367
0.34912619369396664
0.0011696706627036101
0.022168106558824313
0.0034935819139373173
0.008414249754774318
0.06605688810717884
8.640585790666866e-5
4.720715144092384
0.5562169788845027
0.025621971492321323
5.07261359272776
0.930537246519432
0.04574439105329845
0.03607217459888705
0.05142868281112127
0.8906070665912516
0.18706511402863907
1.9809529273536757
0.06434886779933886
0.008275207907623528
0.005364437632542149
0.03416349637811424
0.2942662801950396
0.10425456140774692
0.037104683536508275
0.13828253041230995
2.175989014583181
0.03751783484235946
0.07066422527450224
0.0056338125503132925
0.12725550839930702
0.004335116719384818
0.020170336166636053
0.06704077161777647
6.3282074610575885
0.0010156424111986927
0.03201704071632621
0.2895179044537649
0.8454343750964897
0.023603558068936048
6.082599512366366
0.26516568180959654
0.06182602588756112
0.028215947387386982
0.00014188057753345472
0.026244246633847383
0.00703737680466254
0.07367516044703763
0.04719474940554449
0.00367901656150292
0.35612176700240883
0.04013026709876544
0.20128654710170116
5.466890452860368
0.018428480079654527
0.0040618366418619265
0.27680229375380744
0.008014961755459056
0.7854070386587723
6.071431607321051
0.03462889754502523
0.0059313907309354015
0.5874756680631279
0.07414108029854549
0.09501009885052843
0.5192312917557483
0.7554377485175818
0.0958342388629874
0.44288777166344473
0.1752988621332173
0.0038060638104630367
0.15833849408847878
0.0500392929469114
0.04192664441443069
0.5261738989441755
0.4810872921579496
6.129129579270692e-6
0.06974600439517421
0.05400189921585979
0.046119895146093236
0.010057471154049397
1.7772228383431985
0.06921951624442776
2.003480306828507
0.16012017669117753
0.261491155422311
0.001316663775965908
0.3935553758593948
0.002238767396915783
0.001736051890461009
0.022586153330822124
0.3504527130895321
0.17378650467207096
0.07738811705686867
0.05835013639091211
0.01556215304897547
0.41569389438564164
0.03902421655694705
0.4070458193078699
0.5885697653944004
0.06227287675119633
4.551135250228899e-5
0.061031544561343
0.562765998748868
0.048919615573343886
0.34687375390450464
0.004918426139097898
0.149591908825934
0.0026407103023304884
7.778531219043591
0.05876132369408164
0.2614253402146605
0.5526920413302131
13.2429331684857
0.0006009296653625495
0.007400359356543986
0.9025066310391336
0.00012733344489063565
0.12051795272211639
0.0027923006150845013
3.5205264651552977
0.05586882970926163
0.007601648211799007
0.0013137044213249773
0.0005222221961594988
1.3067800383869577
0.018970859486119488
0.0352476482172351
0.006001715244834823
0.0004059498769801898
0.027969606974492092
0.0033836717050122647
0.1924886817372931
0.01244190221215138
0.00011531524835180066
0.0008119390814507044
0.045964218020849136
0.09860551742783563
0.1586458715945024
0.015189374544294539
0.0019067521067944544
0.0004389767469479679
0.15155713070309074
0.5630429556552726
0.12791688950715815
0.02456518192557371
9.722591888690689
0.09335906776503082
0.022323264718207347
0.0010557501120282394
0.0023256418625939423
0.0023162705242181915
0.4870751750858721
0.09812773438997396
0.8022851543204879
0.039307287430634656
0.007817869033200607
2.134303178191645
5.287314393657873
0.00988197210327234
1.0040698598696667
0.04949077592696392
0.09737557669668835
0.00739365417492774
0.0025746861029186992
0.841354384140884
0.06964505284688523
0.019099920707249196
0.004217921302016493
0.05796579918213697
0.018577677297720425
0.06830456799902442
0.545188874956943
0.009936550231604321
0.008145356590394011
5.4910130812837126e-5
0.001555312749192676
0.010906587079357115
2.920354559706286
0.9637454883786452
0.00018443452367324689
0.33290119278261515
0.0376073323114748
1.0023640732337105
0.015852554318935563
0.0025663941933619476
0.5334590064181568
0.00044216531167879844
0.1160580977975749
0.9384450335382476
0.014294132908651508
0.4566335513370454
0.039902031886566915
0.14324953597110673
0.8613262158151457
0.021389833432704657
0.5264241491204047
0.017299449422013457
1.6446167582040259
0.07166721115774781
0.25542616346546476
0.14322923275174068
0.13253357065733176
0.173939075800492
0.3877095119989114
0.004141048330832206
0.008247037786252708
0.017143330988675376
0.26555008547614134
0.15441169108526295
0.5044699311035175
0.20603045484752902
8.469839128165129
0.03244837651289454
0.13432195298299549
0.023223179749765184
0.0307130264153648
0.001841965308570415
0.041411440748448616
0.022283192743718473
0.00023751571185535897
0.5163559855134051
0.062275372759232624
0.027633139073821762
0.3436748282876573
9.654795535899416
0.315674712027955
0.2123027979238729
0.25334548975400933
3.526149906680304
0.00010775115298077915
0.010227042459171769
0.021504036526142665
0.003007052274706921
1.6997694466072952
0.7990522612859902
0.28879946485565494
0.013021097995879293
0.027128244437475874
0.0159207842863183
0.09427395593712717
0.046002073466316434
0.34980396171782197
6.060233012313165
4.105605992239758
5.829540992895722
0.08705204149076126
0.035837950480321366
0.00028364055180311106
0.03543412965620253
0.00216240610535217
0.014437791759553556
0.7146953527218322
0.8479779249372128
0.005396168158216115
0.2497714092001219
0.6569336751424243
0.022255004294662553
0.458430521024233
0.002006910631316129
0.27750303442158014
0.01569947071268861
0.013500773562089665
0.06554578246795925
1.0611225100491073
0.38366865594959515
0.03620447076214032
0.0013750243637200323
0.0007836956053842123
0.014390441613038185
0.08000889795700758
0.00021095441187349976
0.013268893001344529
0.05960070493661004
0.0019802563015450633
0.00856806846286187
0.028389768327282548
0.42928416906710115
0.0024469324713140886
0.017691495977385792
0.07675623138331425
5.1127130363501454e-5
0.6155986494804896
0.001010863016164935
0.6139570146662837
0.947561605126015
0.0013509267878019562
0.09168932762049356
0.003820787071718934
0.1509512761271342
3.7660146000668547e-6
0.0023584241575580955
0.010813323246425642
0.05548119759142018
0.07482049999830395
0.5092101650124643
0.016184252790707038
7.347074218048292
0.0008404419972422775
0.0317328176872976
0.29268880097984146
0.00015527562735061665
0.6910632896638895
0.007083602518836467
0.0004037236588968171
0.901661594865575
0.02337878598931897
0.18603028847701764
0.48316262276232746
0.0318442626318738
0.38934825840983517
0.01028914664978603
0.12623071057173463
0.04213503453389049
0.041343344416968596
0.003026731633983205
0.19121664491688664
0.29741228090830235
0.0011535861465936008
0.3707501749101419
0.012768846237294799
0.08180565453425888
0.8981599218410904
0.054646579570425714
0.13717975159623427
1.007038625212198
0.007208074692580615
0.6212811460697879
0.08066713917721371
0.11793224371490693
0.012620221519424825
1.3134650837046433
3.021390164352966e-6
0.0011339830991909186
0.06816626594723844
0.02913249236130987
1.688447938428005
0.0001609579663033524
0.006293732389842052
0.7533023237147465
0.02920747752183223
1.9016154759809971
0.11656488850288435
0.000524684933524064
0.00280145354459055
0.7557753650276008
0.0027825919814062046
0.10439109344552278
0.22452651922178726
0.020782750291595098
0.00044709114773089896
0.01820811058217239
0.01591231722011775
0.01726035338228711
0.1777987384108933
0.1742531388549687
0.01627404161432327
0.7019413159709618
1.2539826981792286
0.2025257755403172
0.21897619979646094
0.017950497016311018
0.023436201733676772
0.14995972887012354
0.0694604844542441
0.0733825662106305
0.20793613908736966
0.3274570571528946
0.0021683663653467643
2.4371914115355877
0.04691248087707986
0.01765106263631096
0.6040814759280722
0.020844091084584574
0.0017087146491228074
0.3165583992557554
0.2453276677946377
0.09717295379572762
1.0200243377983298
0.005268742799023112
0.00018303012253189654
0.08024925650446033
0.007672374426445347
0.2691085607126008
0.07921668843633649
9.264284920835207
0.057821963473057694
0.04727935607028063
0.9533519147591342
0.010010209206213356
0.2972359788764982
0.0022630586976924434
0.019308877464098526
0.005064902381241544
1.7102803070080814
0.02804942010827928
4.079216129110512e-6
0.008326039025383987
0.013212225726958071
3.47583353053563
0.7966232952675389
0.029664240851515457
0.01258568375828864
0.0007371100816412826
0.0032633281553151234
0.42455351935990576
0.07392980387375876
0.009306697470076097
0.025953674084071458
0.0006307939797058265
11.140235031938483
0.0027908675312387347
0.02232058911306331
0.2610835578415037
0.02671370586828946
0.09344022027702532
0.31875229798315763
0.7562760053778727
0.00023674932586037055
0.00980247642784247
0.1986697131297618
0.10633662169088054
0.0018551912864229088
0.21860566460766798
0.5158713889751568
4.432240631235788e-6
0.0389859412141901
1.270666038779888
0.33852469229517423
0.007154142515894785
0.3314566679004445
0.3550545548610264
0.15649640389888012
0.11919827516716003
0.0026807794576567266
0.28035205339813674
0.07094189860189234
1.0666247937659057e-6
0.11453859889915423
0.18285899325377725
0.0022788480541406824
0.01112018989763827
0.001974439949184827
0.08066042072952778
0.04590083455290542
3.4504148381831605
0.31461643565517555
0.0020063737795093695
0.050190184513788115
0.09467112355650827
0.044155164982872426
0.5063756003609265
0.019951694139597628
1.6479174205377822
13.997890446812756
0.42436183345015815
1.4542047271788188
0.21211567407722384
0.03824237663565557
0.04107231755896129
0.002330548561436373
0.015154445872460683
0.5424353694978069
0.7355491503874886
0.0010498551719440039
0.0024383608311411495
0.1599729877616777
0.002590125615615254
0.9123678170032997
0.12743268829430582
0.1416438998319916
0.16923621775568712
0.5731670334146644
0.11367383157583733
0.055472274632178985
0.03404899959126139
0.012985462425707778
0.05792906268877535
0.020955638215470127
0.1605973194158424
11.213440103252568
0.7906838349700848
0.0002823117233850518
0.2532811224028298
0.1363573330097075
0.06263127766122724
0.039510668905466124
0.21603957458596998
0.015242760246319471
0.01034277026777981
6.349260883706931
0.03207942289007874
0.07860864458311678
0.00015613037880210062
0.019551106603540168
0.1296889495264861
0.1122140400596373
0.015777200884600683
0.4010108120897012
0.04226913613911389
0.14949595514073294
0.37313117888430386
0.046011447863285364
9.539857795479485
0.0882922593673749
0.41790716281407675
0.03666176591120348
2.802295599146644
0.0497663551983478
0.057534552952956675
0.06910450445638903
0.0004203434651861404
0.005581606084057353
0.0030778039907870644
0.027507345942373744
0.017612560115245448
1.0015530195287559
0.185918305685834
0.214590957338101
0.0844083280858164
0.016260326742736596
0.003359102243122453
0.020053045527671495
0.020466128830170162
0.6938729897534192
0.10984193137070043
11.085127225607815
11.552284009447854
7.015420527627334
9.2236268859178e-5
0.24320263181466817
0.04266543347272155
1.9780320241421456
0.36648822961160815
0.004858421451194078
0.057537345136648904
0.20611533327433076
1.4848429717375378
0.08102022863757068
0.197598550503723
3.630964414088321
0.0122582998021739
0.01028490726380352
0.12035457744124102
0.015253101321330426
0.08347965740128367
0.0030357256751076863
5.812220618491523
0.00011544158493772047
0.0017605657570784724
0.02342742633520466
0.0011420363370101714
0.007899349217856599
0.2507107072637982
0.04282831129026409
0.1006989540998494
0.25409462030378854
0.17419955755195504
0.01773332551341093
0.01481549431610871
0.00205187967015214
0.21120064547764214
0.023001675421349805
0.0014841307152707304
0.00013791268985779376
0.07401812895753784
0.39341419880903916
0.4386267289403069
0.09978866422606235
0.031843046105749416
3.6935069821067597
0.007466407805407376
0.000345418070403753
0.009127752280746968
2.780525412158835
0.04499479070602617
3.6522686066406376
0.002650844961147243
0.1963908561768723
0.11390447046005388
0.06513159341648699
0.03633613615552288
0.17408364063259427
0.1297399688022073
